29
29
``
''
60
29
35
6-4
6-2
m83
1999
m83
2016
67
68
67
``
''
20h
20h00
“subcontratar”
29
2013
29
2013
13
10
11
550
médios-baixos
225
140
140
mr.
1999
16
42
2016
12
70
22
'alex
27,18
300
600
2019
50
50
2012
2016
530
2016
29
30
science4you
70
2014
science4you
2015
70
v.
25
v.
4
4
2014
1224
500
500
13:30
30.956
11
1998
s2
s2
2
6
80
2021
80
400
7
10
“dotações
provisionais”
13
13
6.566
2016-2018
5
1997
10
1995
226
10:54
dificultam-nos
2013
10
1931
1.117
1.011
``
''
2015
89
66
66
25
25
14.834,2
40.446
2016
2016
78
84
950
5,2
950
5.2
808
75
75
8mp
5mp
8mp
5mp
85
23
14.ª
112
14
2016
9
175
175
1.550
75
1,3
2015
0,2
22ª
14
2270
2.270
250
14
250
4-1
3-1
``
''
m83
12
12
2015
187
184
2015
1.487
2015
2016
2011
2017
55
200
55
7.ª
“the
academy”
“the
academy”
2007
4
22
4
48
35
600
600
20
20
2002
90
9
30
21,6
1,13
19
19
2016
365
365
10
950
550
10
150
cr7
cr7
1987
1975
“lenda
rock”
2016
3
2016
1
45
45
1
19
19
15h45
16,2
33,4
13,7
2015
96,6
96,6
4
4
20
20
35.700
35.700
replys
50.ª
50.ª
8.3
8.3
42,2
57,8
42
1,6
250
``
''
``
''
h1n1
pdm09
h1n1
pdm09
10.000
484
2014
600
100
611
11
antalyspor
antalyspor
2016
37
47
123
123
90
31
94
30
29
15
24
“coimbra
lição”
75
“simplex“
2.059.029
376.118
's
'anjos
's
``
2
''
90
``
2
''
7ª
90
1
50
€10
760
16
6
16
10
2014
``
''
50
50
15
15
23
13
2014
1d
“fáceis
causam”
40
35
40
2013
17
16
17
163
22:00
9
09
2013
49
2015
2015
s2
s2
s2
``
''
1
1935
20
20
1
10
26
14
41
30
34
21
18
21
74
“não
melhorarem”
2017
2017
6s
6s
12
5
49
13
13
2
2
40
45
'encarnados
20
20
2-2
18.ª
2-2
911
911
40
8
7.24
3.34
2016
1,6
6
3,3
s6
edge+
s6
edge+
250
204cv
250d
204
500
23
2000
10
38
``
''
“isto
síria”
2016
28
28
17
20
“tosse
fumador”
100
100
regulámos
10
40km/h
valhall
valhall
``
capacidade”
60
30
24
482
100
9
“comunicações
maliciosas”
4
4
5.ª
5se
5se
2016
2016
20
1957
1957
sense8
“orange
black”
50
50
140
``
''
15
15
'grand
20
daniel’s
248
3,38
2015
22
0,8
29
3
3
v.
f.
v.
f.
1994/95
800
400
10
2012
3,9
5,6
h1n1
600
2019
'leões
11
'leões
500
``
''
87
87
19
ps4
sub-21
sub-21
1
``
''
10-2
‘revolução’
1
296
5
20
20
47,5
38
38
10.ª
09h30
21
32,8
6,1
2015
p40
p40
16gb
32gb
16gb
11
179
f-16
19:15h
'supersónico
45
“super
bowl”
50
“vetos
cruzados”
``
''
31.º
45
109,5
109,5
‘ferry
gère’
5
150
150
«quentes»
15
12
1,1
4
16
2016
6ª
2014
2012
``
''
13
16h00
45,56
13,39
365
365
34
“a
famílias”
2
4
2018
2018
17
65
25
35
35
17
68
super-descontos
10
21.799
81
2016
81
92
373
2005
3.º
150
275
34
2
2011
2009
55
70
3ds
3ds
19
“megaupload”
1985
50
4755
20
2015
22
825
2,6
77
87
31
“montantes
progressivos”
“em
progressivos”
19h45
10h30
'magpies
11
2013
2017
2016
‘mini’
1
6
49
16
anos-de-final
2017
2016
angelike
angelike
``
''
``
''
62
68
“el
chapo”
``
''
36
26
20
95
10
10
7
45
4-2
28
70
30
30
3.º
``
''
farovárel
10
3
``
''
'rainha
15
2013
48
2-5
8
8
2016
3200
15
2017
``
''
15
2017
501
21
22
21
22
12
12
2013
2013
psi-20
600.000
38
124
38
36
117
eos-1d
eos-1d
d5
3-0
30
terça-eira
17a
2016
2016
3.440
3.440
35
40
2016
50
200
2015
2015
6p
159,4
77,8
7,3
6p
60
27
``
1
''
1
90
73
20
30
01
200
site-norte
400
``
25
''
65
33
26
40
ps2
ps4
ps2
4
22
``
''
10,4
9,0
2009
13
13
2015
1
2015
“o
votos”
24
24
1997
``
20
''
5
1997
37
100
262
21
840
188
2016
36,3
27,8
28,5
32,5
1885
2011
2021
2016
18
1,5
973
25
2011
38
38
“a
lisboa”
2015-16
2016
“cerrar
terrorismo”
30
2
190
191
``
''
``
''
10
10
14
21
14
21
29
29
2015
2015
1
2016
20
“indiferenciados”
4.9
23
2015
130
130
precedeu-lhe
``
''
``
''
20
20
“super
shore”
'mtv
31
s7
s7
s7
4
4
8
‘howlin
‘n
110
110
663
15
h1n1
h1n1
2015
80
31
1995
55
380
paveletsky
kursky
“gq”
20ª
505
600
12
14
vicente-nacional
2014
2010
1970
1989
1992
13
14
's
2015
14
13
14
30
45
12.º
12.º
19:28
1994
2007
20
``
''
104
104
's
65
“trem
fantasma”
145.456
145.456
10
700
``
''
26
29
“neva”
26
29
4
8h
21
1983
150
27
18h30
18h30
9ª
5-2
5-2
guiavarch
memdi
20
22
guiavarch
22
memdi
20
ibex-35
8
19h45
25
55km/h
9
11
9
11
22
``
''
21.802
3.410
``
''
69º
86
``
''
5
9,36
8,5
plaitnumgames
17
“tridente”
8
4h10
24
24
21
21
transferir-se-á
5
28
5
2016
28
15mm
6mm
67mm
25º
5se
6c
50
13
31
13
17
psi20
17
psi20
16
15:00
11
15:00
2016
1.200
26
20
20
'anjos
“transporte”
489
1.239
110
860
10h30
24
1992
32,7
37,6
's
4
's
tvi24
-0,001
2014
28
3ª
w.
1998
10
7
5
4
‘bailando’
1995
14
80
8
8
'health
2015
2015
2013
27
11
25
270
40
62
16:00
16:00
800
400
800
76
10.ª
1936
2011
2014
1972
6p
5x
6
650
4,3
24
24
24
15
20
partilhassemos
``
''
u2
35
1
35
1
230
22
13
23h59
6
20
20.000
130
130
25
2015
70
30
30
11
``
''
“savate”
«fadiga
muscular»
2016
1,75
3
1
12
20
12
20
12h00
19h00
18
18
67
``
''
``
''
1.0
16.890
1.0
16.890
23
50
2016
5
808
2013
2014
0,3
2010
33,7
3,5
2014
52
9
“campanha
terror”
“atitude
público”
29
30
21
tauromático
25
2019
2009
25
14
2017
v.
v.
30
43
2015
43
2015
2016
24
25
25
54
54
34
2016
26
2016
2016
53
5.295
“dor”
17
1963
11
1976
1991
4
4
8
14
825
125
23€
30€
23
30
4,2
2,6
2015
2015
pós-punks
11
30
8
127
150
6/6s
6/6s
20
9
20
7
7
2016
12
2016
30
25
1977
7
21
28
40
45
``
''
3.650
``
''
950
5,7
950
5.7
810
150
150
10
10
2016
``
''
110
74
66º
31
32
70
1
9
3
5
2017
2017
``
''
``
''
1993
``
''
22:15
26
77
77
2014
677
2,9
2,3
1989
``
''
10
1933
548
548
“vontade”
tauromático
80
4
4
20horas
'meias
20horas
2016
227
790
“saiu
santander”
9
52
6.2
6.2
‘uncharted
collection’
300
170
140
30
140
30
10
2013
2015
v.
v.
30
30
227
53
311
2
12,4
183
200
183
200
2016
racing-tag
rb12
14
16
22ª
24
zidanne
12.ª
10
2014
2,7
15
15
15
``
''
“walk
side”
12h30
12:30
1-0
230
``
''
2013
37
``
''
“marcelo
”
9
25
2016
9
2016
5
2015
2012
294
1
60
11,9
3
06h00
10h30
``
''
2015
“garantia
esquerda”
3,5
4,5
69
2016
19,4
10
14,7
76,8
70,2
20
1973
90
15
90
2.ª
2014
19,5
4
1961
1992
7
heiniken
43
2014
90
90
94.400
53.700
31.800
8.800
31.800
8800
4-1
'nitidez
230
230
230
230
‘garagem
vizinha’
14
23
1,2
15.500
55
55
``
''
“financial
times”
2015
10
32
26
22.ª
2012
2012
6s
6s
‘caça’
6s
6s
9
9
2014
2014
“pressão
emocional”
s6
edge+
s6
edge+
nanosim
14
30
84
41
40
2015
520
``
''
2013
day»
10
«blackstar»
2016
4
3
nowrich
2
1
ps4
15
ps4
48
1
35
30
1
35
‘chavismo’
20
77
5
37
98
60
10h50
–
2-2
“top
gear”
2012
“top
gear”
2015
“ousada
pensada”
“um
artes”
4
5
6
4
6
59
12
41
manuel-alegre-encontra-nicholas-sparks
176
294,7
2014
176
294,7
2014
5
“v”
2014
5
2014
87
14
29
0,3
0,3
130
31
``
''
50
12
12
verily
linchnovski
12º
4
26
25
26
19
19
30
31
16h
–
41
41
``
fallensouls
''
``
fallensouls
''
50
50
``
''
120
120
500gb
574
2015
5,6
135
1
38
pirecoce
registrávamos
28
21
62
62
22
22
5
2016
16
13
19
“danos
irreversíveis”
3ds
4
24
2016
2016
97
40
2015
2005
2013/14
2015
03:00
18:00
06:00
12:00
2009
45
``
patologist
''
40
1-0
14h33
14:33
2019
2019
18
16
25
20
12
1998
1992
50
1,8
2011
2011
2011
2017
2017
elogoiu
m83
m83
s.
13
2016
2016
31
6
450
14
26
800
16h30
11
11
madrid-espanyol
53
4
4
7
2,3
7
‘à
portuguesa’
67
28
22
10
18
56
24
9
14
12
2-0
1-0
44
18
200
100
20
20
57
22
15
15
``
''
“recordado”
22
44,6
13
13
80
5,5
5,5
15,7
2016
2014
6342
259.148,91
2014
33
17
32
22
2006
4
``
''
``
''
‘carrillo’
carrillo/sporting
“monitorizar”
2014
2010
2012
``
''
007
2008
3,5
4,5
1,294
20.ª
5
9
3
360
3
360
10ª
19
7
07
“howlin'”
10.000
10.000
500
antiandrogénico
500
antiandrógenicos
159
1974
1982
1974
1982
96
``
''
13:45
136
236
‘recuperou’
400
sivtsov
40
28
90
30
“the
dead“
6,9
‘the
dead’
6.900.000
16
16
20.000
200.000
28
“big
angola”
“a
quinta“
2
171
2015
2015
2011
``
''
``
''
2
2
50
'jackpot
51
51
34
1985
20
40
21
1969
37435
37435
28
23
2015
31
29
15
16
5,5
16
5
500
14
15
16
``
''
6
2014
200
30
1-0
1-0
23
45
26
45
00h37
mobassa
0h37
16
10,7
55
27
20
21
26
27
28
sts-51-l
73
``
''
11:00
2016
14
13
2011
2005
2000
2.000
35,58
35,58
2003
2008
2,8
“o
pai”
alive’16
alive’16
e.
1,1
4ºc
6ºc
13
13º
13
50
50
2020
1977
2.ª
'alex
140
4
24
ps4
24
15
8k
18
2013
wildabouts
1980
2015
2015
6s
6s
6s
5,7
400
600
2016
2016
consumerlab
trabalhe-se
“costa
concórdia”
“orçamento
concórdia”
81
81
–
–
werserstadion
28
939
1269
2013
mohamed-aggad
10
5s
50
20
2-0
7
7
2016
2
80
2
120
2025
rock’n’roll
rock’n’roll

